 tidal boundary conditions
   0.0
  1
       1.000       0.000
         220
    1    1
      12.000       1.000       0.000
    2    1
      12.000       1.000       0.000
    3    1
      12.000       1.000       0.000
    4    1
      12.000       1.000       0.000
    5    1
      12.000       1.000       0.000
    6    1
      12.000       1.000       0.000
    7    1
      12.000       1.000       0.000
    8    1
      12.000       1.000       0.000
    9    1
      12.000       1.000       0.000
   10    1
      12.000       1.000       0.000
   11    1
      12.000       1.000       0.000
   12    1
      12.000       1.000       0.000
   13    1
      12.000       1.000       0.000
   14    1
      12.000       1.000       0.000
   15    1
      12.000       1.000       0.000
   16    1
      12.000       1.000       0.000
   17    1
      12.000       1.000       0.000
   18    1
      12.000       1.000       0.000
   19    1
      12.000       1.000       0.000
   20    1
      12.000       1.000       0.000
   21    1
      12.000       1.000       0.000
   22    1
      12.000       1.000       0.000
   23    1
      12.000       1.000       0.000
   24    1
      12.000       1.000       0.000
   25    1
      12.000       1.000       0.000
   26    1
      12.000       1.000       0.000
   27    1
      12.000       1.000       0.000
   28    1
      12.000       1.000       0.000
   29    1
      12.000       1.000       0.000
   30    1
      12.000       1.000       0.000
   31    1
      12.000       1.000       0.000
   32    1
      12.000       1.000       0.000
   33    1
      12.000       1.000       0.000
   34    1
      12.000       1.000       0.000
   35    1
      12.000       1.000       0.000
   36    1
      12.000       1.000       0.000
   37    1
      12.000       1.000       0.000
   38    1
      12.000       1.000       0.000
   39    1
      12.000       1.000       0.000
   40    1
      12.000       1.000       0.000
   41    1
      12.000       1.000       0.000
   42    1
      12.000       1.000       0.000
   43    1
      12.000       1.000       0.000
   44    1
      12.000       1.000       0.000
   45    1
      12.000       1.000       0.000
   46    1
      12.000       1.000       0.000
   47    1
      12.000       1.000       0.000
   48    1
      12.000       1.000       0.000
   49    1
      12.000       1.000       0.000
   50    1
      12.000       1.000       0.000
   51    1
      12.000       1.000       0.000
   52    1
      12.000       1.000       0.000
   53    1
      12.000       1.000       0.000
   54    1
      12.000       1.000       0.000
   55    1
      12.000       1.000       0.000
   56    1
      12.000       1.000       0.000
   57    1
      12.000       1.000       0.000
   58    1
      12.000       1.000       0.000
   59    1
      12.000       1.000       0.000
   60    1
      12.000       1.000       0.000
   61    1
      12.000       1.000       0.000
   62    1
      12.000       1.000       0.000
   63    1
      12.000       1.000       0.000
   64    1
      12.000       1.000       0.000
   65    1
      12.000       1.000       0.000
   66    1
      12.000       1.000       0.000
   67    1
      12.000       1.000       0.000
   68    1
      12.000       1.000       0.000
   69    1
      12.000       1.000       0.000
   70    1
      12.000       1.000       0.000
   71    1
      12.000       1.000       0.000
   72    1
      12.000       1.000       0.000
   73    1
      12.000       1.000       0.000
   74    1
      12.000       1.000       0.000
   75    1
      12.000       1.000       0.000
   76    1
      12.000       1.000       0.000
   77    1
      12.000       1.000       0.000
   78    1
      12.000       1.000       0.000
   79    1
      12.000       1.000       0.000
   80    1
      12.000       1.000       0.000
   81    1
      12.000       1.000       0.000
   82    1
      12.000       1.000       0.000
   83    1
      12.000       1.000       0.000
   84    1
      12.000       1.000       0.000
   85    1
      12.000       1.000       0.000
   86    1
      12.000       1.000       0.000
   87    1
      12.000       1.000       0.000
   88    1
      12.000       1.000       0.000
   89    1
      12.000       1.000       0.000
   90    1
      12.000       1.000       0.000
   91    1
      12.000       1.000       0.000
   92    1
      12.000       1.000       0.000
   93    1
      12.000       1.000       0.000
   94    1
      12.000       1.000       0.000
   95    1
      12.000       1.000       0.000
   96    1
      12.000       1.000       0.000
   97    1
      12.000       1.000       0.000
   98    1
      12.000       1.000       0.000
   99    1
      12.000       1.000       0.000
  100    1
      12.000       1.000       0.000
  101    1
      12.000       1.000       0.000
  102    1
      12.000       1.000       0.000
  103    1
      12.000       1.000       0.000
  104    1
      12.000       1.000       0.000
  105    1
      12.000       1.000       0.000
  106    1
      12.000       1.000       0.000
  107    1
      12.000       1.000       0.000
  108    1
      12.000       1.000       0.000
  109    1
      12.000       1.000       0.000
  110    1
      12.000       1.000       0.000
  111    1
      12.000       1.000       0.000
  112    1
      12.000       1.000       0.000
  113    1
      12.000       1.000       0.000
  114    1
      12.000       1.000       0.000
  115    1
      12.000       1.000       0.000
  116    1
      12.000       1.000       0.000
  117    1
      12.000       1.000       0.000
  118    1
      12.000       1.000       0.000
  119    1
      12.000       1.000       0.000
  120    1
      12.000       1.000       0.000
  121    1
      12.000       1.000       0.000
  122    1
      12.000       1.000       0.000
  123    1
      12.000       1.000       0.000
  124    1
      12.000       1.000       0.000
  125    1
      12.000       1.000       0.000
  126    1
      12.000       1.000       0.000
  127    1
      12.000       1.000       0.000
  128    1
      12.000       1.000       0.000
  129    1
      12.000       1.000       0.000
  130    1
      12.000       1.000       0.000
  131    1
      12.000       1.000       0.000
  132    1
      12.000       1.000       0.000
  133    1
      12.000       1.000       0.000
  134    1
      12.000       1.000       0.000
  135    1
      12.000       1.000       0.000
  136    1
      12.000       1.000       0.000
  137    1
      12.000       1.000       0.000
  138    1
      12.000       1.000       0.000
  139    1
      12.000       1.000       0.000
  140    1
      12.000       1.000       0.000
  141    1
      12.000       1.000       0.000
  142    1
      12.000       1.000       0.000
  143    1
      12.000       1.000       0.000
  144    1
      12.000       1.000       0.000
  145    1
      12.000       1.000       0.000
  146    1
      12.000       1.000       0.000
  147    1
      12.000       1.000       0.000
  148    1
      12.000       1.000       0.000
  149    1
      12.000       1.000       0.000
  150    1
      12.000       1.000       0.000
  151    1
      12.000       1.000       0.000
  152    1
      12.000       1.000       0.000
  153    1
      12.000       1.000       0.000
  154    1
      12.000       1.000       0.000
  155    1
      12.000       1.000       0.000
  156    1
      12.000       1.000       0.000
  157    1
      12.000       1.000       0.000
  158    1
      12.000       1.000       0.000
  159    1
      12.000       1.000       0.000
  160    1
      12.000       1.000       0.000
  161    1
      12.000       1.000       0.000
  162    1
      12.000       1.000       0.000
  163    1
      12.000       1.000       0.000
  164    1
      12.000       1.000       0.000
  165    1
      12.000       1.000       0.000
  166    1
      12.000       1.000       0.000
  167    1
      12.000       1.000       0.000
  168    1
      12.000       1.000       0.000
  169    1
      12.000       1.000       0.000
  170    1
      12.000       1.000       0.000
  171    1
      12.000       1.000       0.000
  172    1
      12.000       1.000       0.000
  173    1
      12.000       1.000       0.000
  174    1
      12.000       1.000       0.000
  175    1
      12.000       1.000       0.000
  176    1
      12.000       1.000       0.000
  177    1
      12.000       1.000       0.000
  178    1
      12.000       1.000       0.000
  179    1
      12.000       1.000       0.000
  180    1
      12.000       1.000       0.000
  181    1
      12.000       1.000       0.000
  182    1
      12.000       1.000       0.000
  183    1
      12.000       1.000       0.000
  184    1
      12.000       1.000       0.000
  185    1
      12.000       1.000       0.000
  186    1
      12.000       1.000       0.000
  187    1
      12.000       1.000       0.000
  188    1
      12.000       1.000       0.000
  189    1
      12.000       1.000       0.000
  190    1
      12.000       1.000       0.000
  191    1
      12.000       1.000       0.000
  192    1
      12.000       1.000       0.000
  193    1
      12.000       1.000       0.000
  194    1
      12.000       1.000       0.000
  195    1
      12.000       1.000       0.000
  196    1
      12.000       1.000       0.000
  197    1
      12.000       1.000       0.000
  198    1
      12.000       1.000       0.000
  199    1
      12.000       1.000       0.000
  200    1
      12.000       1.000       0.000
  201    1
      12.000       1.000       0.000
  202    1
      12.000       1.000       0.000
  203    1
      12.000       1.000       0.000
  204    1
      12.000       1.000       0.000
  205    1
      12.000       1.000       0.000
  206    1
      12.000       1.000       0.000
  207    1
      12.000       1.000       0.000
  208    1
      12.000       1.000       0.000
  209    1
      12.000       1.000       0.000
  210    1
      12.000       1.000       0.000
  211    1
      12.000       1.000       0.000
  212    1
      12.000       1.000       0.000
  213    1
      12.000       1.000       0.000
  214    1
      12.000       1.000       0.000
  215    1
      12.000       1.000       0.000
  216    1
      12.000       1.000       0.000
  217    1
      12.000       1.000       0.000
  218    1
      12.000       1.000       0.000
  219    1
      12.000       1.000       0.000
  220    1
      12.000       1.000       0.000
