TPAR
20081114.000000 2 10 80 10
20081114.010000 2 10 80 10
20081114.020000 2 10 80 10
20081114.030000 2 10 80 10
20081114.040000 2 10 80 10
20081114.050000 2 10 80 10
20081114.060000 2 10 80 10
20081114.070000 2 10 80 10
20081114.080000 2 10 80 10
20081114.090000 2 10 80 10
20081114.100000 2 10 80 10
20081114.110000 2 10 80 10
20081114.120000 2 10 80 10
20081114.130000 2 10 80 10
20081114.140000 2 10 80 10
20081114.150000 2 10 80 10
20081114.160000 2 10 80 10
20081114.170000 2 10 80 10
20081114.180000 2 10 80 10
20081114.190000 2 10 80 10
20081114.200000 2 10 80 10
20081114.210000 2 10 80 10
20081114.220000 2 10 80 10
20081114.230000 2 10 80 10
20081115.000000 2 10 80 10
20081115.010000 2 10 80 10
20081115.020000 2 10 80 10
20081115.030000 2 10 80 10
20081115.040000 2 10 80 10
20081115.050000 2 10 80 10
20081115.060000 2 10 80 10
20081115.070000 2 10 80 10
20081115.080000 2 10 80 10
20081115.090000 2 10 80 10
20081115.100000 2 10 80 10
20081115.110000 2 10 80 10
20081115.120000 2 10 80 10
20081115.130000 2 10 80 10
20081115.140000 2 10 80 10
20081115.150000 2 10 80 10
20081115.160000 2 10 80 10
20081115.170000 2 10 80 10
20081115.180000 2 10 80 10
20081115.190000 2 10 80 10
20081115.200000 2 10 80 10
20081115.210000 2 10 80 10
20081115.220000 2 10 80 10
20081115.230000 2 10 80 10
20081116.000000 2 10 80 10
20081116.010000 2 10 80 10
20081116.020000 2 10 80 10
20081116.030000 2 10 80 10
20081116.040000 2 10 80 10
20081116.050000 2 10 80 10
20081116.060000 2 10 80 10
20081116.070000 2 10 80 10
20081116.080000 2 10 80 10
20081116.090000 2 10 80 10
20081116.100000 2 10 80 10
20081116.110000 2 10 80 10
20081116.120000 2 10 80 10
20081116.130000 2 10 80 10
20081116.140000 2 10 80 10
20081116.150000 2 10 80 10
20081116.160000 2 10 80 10
20081116.170000 2 10 80 10
20081116.180000 2 10 80 10
20081116.190000 2 10 80 10
20081116.200000 2 10 80 10
20081116.210000 2 10 80 10
20081116.220000 2 10 80 10
20081116.230000 2 10 80 10
20081117.000000 2 10 80 10
20081117.010000 2 10 80 10
20081117.020000 2 10 80 10
20081117.030000 2 10 80 10
20081117.040000 2 10 80 10
20081117.050000 2 10 80 10
20081117.060000 2 10 80 10
20081117.070000 2 10 80 10
20081117.080000 2 10 80 10
20081117.090000 2 10 80 10
20081117.100000 2 10 80 10
20081117.110000 2 10 80 10
20081117.120000 2 10 80 10
20081117.130000 2 10 80 10
20081117.140000 2 10 80 10
20081117.150000 2 10 80 10
20081117.160000 2 10 80 10
20081117.170000 2 10 80 10
20081117.180000 2 10 80 10
20081117.190000 2 10 80 10
20081117.200000 2 10 80 10
20081117.210000 2 10 80 10
20081117.220000 2 10 80 10
20081117.230000 2 10 80 10
20081118.000000 2 10 80 10
20081118.010000 2 10 80 10
20081118.020000 2 10 80 10
20081118.030000 2 10 80 10
20081118.040000 2 10 80 10
20081118.050000 2 10 80 10
20081118.060000 2 10 80 10
20081118.070000 2 10 80 10
20081118.080000 2 10 80 10
20081118.090000 2 10 80 10
20081118.100000 2 10 80 10
20081118.110000 2 10 80 10
20081118.120000 2 10 80 10
20081118.130000 2 10 80 10
20081118.140000 2 10 80 10
20081118.150000 2 10 80 10
20081118.160000 2 10 80 10
20081118.170000 2 10 80 10
20081118.180000 2 10 80 10
20081118.190000 2 10 80 10
20081118.200000 2 10 80 10
20081118.210000 2 10 80 10
20081118.220000 2 10 80 10
20081118.230000 2 10 80 10
