  -6500.0000000000000     
  -6225.8823529411766     
  -5959.4652406417108     
  -5700.7486631016036     
  -5449.7326203208559     
  -5206.4171122994649     
  -4970.8021390374324     
  -4742.8877005347586     
  -4522.6737967914432     
  -4310.1604278074874     
  -4105.3475935828883     
  -3908.2352941176473     
  -3718.8235294117649     
  -3537.1122994652405     
  -3363.1016042780748     
  -3196.7914438502676     
  -3038.1818181818180     
  -2887.2727272727270     
  -2744.0641711229946     
  -2608.5561497326203     
  -2480.7486631016041     
  -2360.6417112299464     
  -2248.2352941176468     
  -2143.5294117647059     
  -2046.5240641711230     
  -1957.2192513368982     
  -1875.6149732620322     
  -1801.7112299465241     
  -1735.5080213903743     
  -1677.0053475935829     
  -1626.2032085561495     
  -1583.1016042780750     
  -1547.7005347593583     
  -1520.0000000000000     
  -1500.0000000000000     
  -1480.0000000000000     
  -1460.0000000000000     
  -1440.0000000000000     
  -1420.0000000000000     
  -1400.0000000000000     
  -1380.0000000000000     
  -1360.0000000000000     
  -1340.0000000000000     
  -1320.0000000000000     
  -1300.0000000000000     
  -1280.0000000000000     
  -1260.0000000000000     
  -1240.0000000000000     
  -1220.0000000000000     
  -1200.0000000000000     
  -1180.0000000000000     
  -1160.0000000000000     
  -1140.0000000000000     
  -1120.0000000000000     
  -1100.0000000000000     
  -1080.0000000000000     
  -1060.0000000000000     
  -1040.0000000000000     
  -1020.0000000000000     
  -1000.0000000000000     
  -980.00000000000000     
  -960.00000000000000     
  -940.00000000000000     
  -920.00000000000000     
  -900.00000000000000     
  -880.00000000000000     
  -860.00000000000000     
  -840.00000000000000     
  -820.00000000000000     
  -800.00000000000000     
  -780.00000000000000     
  -760.00000000000000     
  -739.99999999999989     
  -720.00000000000000     
  -700.00000000000000     
  -680.00000000000000     
  -659.99999999999989     
  -640.00000000000000     
  -620.00000000000000     
  -600.00000000000000     
  -580.00000000000011     
  -559.99999999999989     
  -540.00000000000000     
  -520.00000000000000     
  -500.00000000000000     
  -479.99999999999989     
  -460.00000000000000     
  -440.00000000000000     
  -420.00000000000000     
  -400.00000000000000     
  -380.00000000000000     
  -360.00000000000000     
  -340.00000000000000     
  -320.00000000000000     
  -300.00000000000000     
  -280.00000000000000     
  -260.00000000000000     
  -240.00000000000000     
  -220.00000000000000     
  -200.00000000000000     
  -180.00000000000000     
  -160.00000000000000     
  -140.00000000000000     
  -120.00000000000000     
  -100.00000000000000     
  -80.000000000000000     
  -60.000000000000000     
  -40.000000000000000     
  -20.000000000000000     
   0.0000000000000000     
   20.000000000000000     
   40.000000000000000     
   60.000000000000000     
   80.000000000000000     
   100.00000000000000     
   120.00000000000000     
   140.00000000000000     
   160.00000000000000     
   180.00000000000000     
   200.00000000000000     
   220.00000000000000     
   240.00000000000000     
   260.00000000000000     
   280.00000000000000     
   300.00000000000000     
   320.00000000000000     
   340.00000000000000     
   360.00000000000000     
   380.00000000000000     
   400.00000000000000     
   420.00000000000000     
   440.00000000000000     
   460.00000000000000     
   479.99999999999989     
   500.00000000000000     
   520.00000000000000     
   540.00000000000000     
   559.99999999999989     
   580.00000000000011     
   600.00000000000000     
   620.00000000000000     
   640.00000000000000     
   659.99999999999989     
   680.00000000000000     
   700.00000000000000     
   720.00000000000000     
   739.99999999999989     
   760.00000000000000     
   780.00000000000000     
   800.00000000000000     
   820.00000000000000     
   840.00000000000000     
   860.00000000000000     
   880.00000000000000     
   900.00000000000000     
   920.00000000000000     
   940.00000000000000     
   960.00000000000000     
   980.00000000000000     
   1000.0000000000000     
   1020.0000000000000     
   1040.0000000000000     
   1060.0000000000000     
   1080.0000000000000     
   1100.0000000000000     
   1120.0000000000000     
   1140.0000000000000     
   1160.0000000000000     
   1180.0000000000000     
   1200.0000000000000     
   1220.0000000000000     
   1240.0000000000000     
   1260.0000000000000     
   1280.0000000000000     
   1300.0000000000000     
   1320.0000000000000     
   1340.0000000000000     
   1360.0000000000000     
   1380.0000000000000     
   1400.0000000000000     
   1420.0000000000000     
   1440.0000000000000     
   1460.0000000000000     
   1480.0000000000000     
   1500.0000000000000     
   1520.0000000000000     
   1547.7005347593583     
   1583.1016042780750     
   1626.2032085561495     
   1677.0053475935829     
   1735.5080213903743     
   1801.7112299465241     
   1875.6149732620322     
   1957.2192513368982     
   2046.5240641711230     
   2143.5294117647059     
   2248.2352941176468     
   2360.6417112299464     
   2480.7486631016041     
   2608.5561497326203     
   2744.0641711229946     
   2887.2727272727270     
   3038.1818181818180     
   3196.7914438502676     
   3363.1016042780748     
   3537.1122994652405     
   3718.8235294117649     
   3908.2352941176473     
   4105.3475935828883     
   4310.1604278074874     
   4522.6737967914432     
   4742.8877005347586     
   4970.8021390374324     
   5206.4171122994649     
   5449.7326203208559     
   5700.7486631016036     
   5959.4652406417108     
   6225.8823529411766     
   6500.0000000000000     
   6774.1176470588234     
