  -5000.0000000000000     
  -4645.0000000000000     
  -4304.5652173913040     
  -3978.6956521739130     
  -3667.3913043478260     
  -3370.6521739130430     
  -3088.4782608695650     
  -2820.8695652173919     
  -2567.8260869565215     
  -2329.3478260869565     
  -2105.4347826086960     
  -1896.0869565217390     
  -1701.3043478260870     
  -1521.0869565217390     
  -1355.4347826086957     
  -1204.3478260869565     
  -1067.8260869565217     
  -945.86956521739148     
  -838.47826086956525     
  -745.65217391304350     
  -667.39130434782612     
  -603.69565217391300     
  -554.56521739130437     
  -520.00000000000000     
  -500.00000000000000     
  -480.00000000000000     
  -460.00000000000000     
  -440.00000000000000     
  -420.00000000000000     
  -400.00000000000000     
  -380.00000000000000     
  -360.00000000000000     
  -340.00000000000000     
  -320.00000000000000     
  -300.00000000000000     
  -280.00000000000000     
  -260.00000000000000     
  -240.00000000000000     
  -220.00000000000000     
  -200.00000000000000     
  -180.00000000000000     
  -160.00000000000000     
  -140.00000000000000     
  -120.00000000000000     
  -100.00000000000000     
  -80.000000000000000     
  -60.000000000000000     
  -40.000000000000000     
  -20.000000000000000     
   0.0000000000000000     
   20.000000000000000     
   40.000000000000000     
   60.000000000000000     
   80.000000000000000     
   100.00000000000000     
   120.00000000000000     
   140.00000000000000     
   160.00000000000000     
   180.00000000000000     
   200.00000000000000     
   220.00000000000000     
   240.00000000000000     
   260.00000000000000     
   280.00000000000000     
   300.00000000000000     
   320.00000000000000     
   340.00000000000000     
   360.00000000000000     
   380.00000000000000     
   400.00000000000000     
   420.00000000000000     
   440.00000000000000     
   460.00000000000000     
   480.00000000000000     
   500.00000000000000     
   520.00000000000011     
   547.31884057971013     
   581.95652173913038     
   623.91304347826087     
   673.18840579710150     
   729.78260869565224     
   793.69565217391323     
   864.92753623188401     
   943.47826086956525     
   1029.3478260869565     
   1122.5362318840580     
   1223.0434782608695     
   1330.8695652173913     
   1446.0144927536235     
   1568.4782608695652     
   1698.2608695652173     
   1835.3623188405800     
   1979.7826086956520     
   2131.5217391304345     
   2290.5797101449280     
   2456.9565217391305     
   2630.6521739130435     
   2811.6666666666670     
   3000.0000000000000     
   3188.3333333333330     
