  0.000000000000000E+000
   40.0000000000000     
   80.0000000000000     
   120.000000000000     
   160.000000000000     
   200.000000000000     
   240.000000000000     
   280.000000000000     
   320.000000000000     
   360.000000000000     
   400.000000000000     
   440.000000000000     
   480.000000000000     
   520.000000000000     
   560.000000000000     
   600.000000000000     
   640.000000000000     
   680.000000000000     
   720.000000000000     
   760.000000000000     
   800.000000000000     
   840.000000000000     
   880.000000000000     
   920.000000000000     
   960.000000000000     
   1000.00000000000     
   1040.00000000000     
   1080.00000000000     
   1120.00000000000     
   1160.00000000000     
   1200.00000000000     
   1240.00000000000     
   1280.00000000000     
   1320.00000000000     
   1360.00000000000     
   1400.00000000000     
   1440.00000000000     
   1480.00000000000     
   1520.00000000000     
   1560.00000000000     
   1600.00000000000     
   1640.00000000000     
   1680.00000000000     
   1720.00000000000     
   1760.00000000000     
   1800.00000000000     
   1840.00000000000     
   1880.00000000000     
   1920.00000000000     
   1960.00000000000     
   2000.00000000000     
   2040.00000000000     
   2080.00000000000     
   2120.00000000000     
   2160.00000000000     
   2200.00000000000     
   2240.00000000000     
   2280.00000000000     
   2320.00000000000     
   2360.00000000000     
   2400.00000000000     
   2440.00000000000     
   2480.00000000000     
   2520.00000000000     
   2560.00000000000     
   2600.00000000000     
   2640.00000000000     
   2680.00000000000     
   2720.00000000000     
   2760.00000000000     
   2800.00000000000     
   2840.00000000000     
   2880.00000000000     
   2920.00000000000     
   2960.00000000000     
   3000.00000000000     
   3040.00000000000     
   3080.00000000000     
   3120.00000000000     
   3160.00000000000     
   3200.00000000000     
   3240.00000000000     
   3280.00000000000     
   3320.00000000000     
   3360.00000000000     
   3400.00000000000     
   3440.00000000000     
   3480.00000000000     
   3520.00000000000     
   3560.00000000000     
   3600.00000000000     
   3640.00000000000     
   3680.00000000000     
   3720.00000000000     
   3760.00000000000     
   3800.00000000000     
   3840.00000000000     
   3880.00000000000     
   3920.00000000000     
   3960.00000000000     
   4000.00000000000     
   4040.00000000000     
   4097.00223713647     
   4171.00671140940     
   4262.01342281879     
   4370.02237136465     
   4495.03355704698     
   4637.04697986577     
   4796.06263982103     
   4972.08053691275     
   5165.10067114094     
   5375.12304250559     
   5602.14765100671     
   5846.17449664430     
   6107.20357941834     
   6385.23489932886     
   6680.26845637584     
   6992.30425055928     
   7321.34228187920     
   7667.38255033557     
   8030.42505592841     
   8410.46979865772     
   8807.51677852349     
   9221.56599552573     
   9652.61744966443     
   10100.6711409396     
   10565.7270693512     
   11047.7852348993     
   11546.8456375839     
   12062.9082774049     
   12595.9731543624     
   13146.0402684564     
   13713.1096196868     
   14297.1812080537     
   14898.2550335570     
   15516.3310961969     
   16151.4093959732     
   16803.4899328859     
   17472.5727069351     
   18158.6577181208     
   18861.7449664430     
   19581.8344519016     
   20318.9261744966     
   21073.0201342282     
   21844.1163310962     
   22632.2147651007     
   23437.3154362416     
   24259.4183445190     
   25098.5234899329     
   25954.6308724832     
   26827.7404921700     
   27717.8523489933     
   28624.9664429530     
   29549.0827740492     
   30490.2013422819     
   31448.3221476510     
   32423.4451901566     
   33415.5704697987     
   34424.6979865772     
   35450.8277404922     
   36493.9597315436     
   37554.0939597315     
   38631.2304250559     
   39725.3691275168     
   40836.5100671141     
   41964.6532438479     
   43109.7986577181     
   44271.9463087248     
   45451.0961968680     
   46647.2483221477     
   47860.4026845638     
   49090.5592841163     
   50337.7181208054     
   51601.8791946309     
   52883.0425055928     
   54181.2080536913     
   55496.3758389262     
   56828.5458612975     
   58177.7181208054     
   59543.8926174497     
   60927.0693512304     
   62327.2483221477     
   63744.4295302013     
   65178.6129753915     
   66629.7986577181     
   68097.9865771812     
   69583.1767337808     
   71085.3691275168     
   72604.5637583893     
   74140.7606263982     
   75693.9597315436     
   77264.1610738255     
   78851.3646532438     
   80455.5704697987     
   82076.7785234899     
   83714.9888143177     
   85370.2013422819     
   87042.4161073825     
   88731.6331096197     
   90437.8523489933     
   92161.0738255034     
   93901.2975391499     
   95658.5234899329     
   97432.7516778524     
   99223.9821029083     
   101032.214765101     
   102857.449664430     
   104699.686800895     
   106558.926174497     
   108435.167785235     
   110328.411633110     
   112238.657718121     
   114165.906040268     
   116110.156599553     
   118071.409395973     
   120049.664429530     
   122044.921700224     
   124057.181208054     
   126086.442953020     
   128132.706935123     
   130195.973154362     
   132276.241610738     
   134373.512304251     
   136487.785234899     
   138619.060402685     
   140767.337807606     
   142932.617449664     
   145114.899328859     
   147314.183445190     
   149530.469798658     
   151763.758389262     
   154014.049217002     
   156281.342281879     
   158565.637583893     
   160866.935123042     
   163185.234899329     
   165520.536912752     
   167872.841163311     
   170242.147651007     
   172628.456375839     
   175031.767337808     
   177452.080536913     
   179889.395973154     
   182343.713646532     
   184815.033557047     
   187303.355704698     
   189808.680089485     
   192331.006711409     
   194870.335570470     
   197426.666666667     
   200000.000000000     
   202573.333333333     
