  -200000.000000000     
  -196300.000000000     
  -192636.363636364     
  -189009.090909091     
  -185418.181818182     
  -181863.636363636     
  -178345.454545455     
  -174863.636363636     
  -171418.181818182     
  -168009.090909091     
  -164636.363636364     
  -161300.000000000     
  -158000.000000000     
  -154736.363636364     
  -151509.090909091     
  -148318.181818182     
  -145163.636363636     
  -142045.454545455     
  -138963.636363636     
  -135918.181818182     
  -132909.090909091     
  -129936.363636364     
  -127000.000000000     
  -124100.000000000     
  -121236.363636364     
  -118409.090909091     
  -115618.181818182     
  -112863.636363636     
  -110145.454545455     
  -107463.636363636     
  -104818.181818182     
  -102209.090909091     
  -99636.3636363636     
  -97100.0000000000     
  -94600.0000000000     
  -92136.3636363636     
  -89709.0909090909     
  -87318.1818181818     
  -84963.6363636364     
  -82645.4545454545     
  -80363.6363636364     
  -78118.1818181818     
  -75909.0909090909     
  -73736.3636363636     
  -71600.0000000000     
  -69500.0000000000     
  -67436.3636363636     
  -65409.0909090909     
  -63418.1818181818     
  -61463.6363636364     
  -59545.4545454545     
  -57663.6363636364     
  -55818.1818181818     
  -54009.0909090909     
  -52236.3636363636     
  -50500.0000000000     
  -48800.0000000000     
  -47136.3636363636     
  -45509.0909090909     
  -43918.1818181818     
  -42363.6363636364     
  -40845.4545454545     
  -39363.6363636364     
  -37918.1818181818     
  -36509.0909090909     
  -35136.3636363636     
  -33800.0000000000     
  -32500.0000000000     
  -31236.3636363636     
  -30009.0909090909     
  -28818.1818181818     
  -27663.6363636364     
  -26545.4545454546     
  -25463.6363636364     
  -24418.1818181818     
  -23409.0909090909     
  -22436.3636363636     
  -21500.0000000000     
  -20600.0000000000     
  -19736.3636363636     
  -18909.0909090909     
  -18118.1818181818     
  -17363.6363636364     
  -16645.4545454545     
  -15963.6363636364     
  -15318.1818181818     
  -14709.0909090909     
  -14136.3636363636     
  -13600.0000000000     
  -13100.0000000000     
  -12636.3636363636     
  -12209.0909090909     
  -11818.1818181818     
  -11463.6363636364     
  -11145.4545454545     
  -10863.6363636364     
  -10618.1818181818     
  -10409.0909090909     
  -10236.3636363636     
  -10100.0000000000     
  -10000.0000000000     
  -9900.00000000000     
  -9800.00000000000     
  -9700.00000000000     
  -9600.00000000000     
  -9500.00000000000     
  -9400.00000000000     
  -9300.00000000000     
  -9200.00000000000     
  -9100.00000000000     
  -9000.00000000000     
  -8900.00000000000     
  -8800.00000000000     
  -8700.00000000000     
  -8600.00000000000     
  -8500.00000000000     
  -8400.00000000000     
  -8300.00000000000     
  -8200.00000000000     
  -8100.00000000000     
  -8000.00000000000     
  -7900.00000000000     
  -7800.00000000000     
  -7700.00000000000     
  -7600.00000000000     
  -7500.00000000000     
  -7400.00000000000     
  -7300.00000000000     
  -7200.00000000000     
  -7100.00000000000     
  -7000.00000000000     
  -6900.00000000000     
  -6800.00000000000     
  -6700.00000000000     
  -6600.00000000000     
  -6500.00000000000     
  -6400.00000000000     
  -6300.00000000000     
  -6200.00000000000     
  -6100.00000000000     
  -6000.00000000000     
  -5900.00000000000     
  -5800.00000000000     
  -5700.00000000000     
  -5600.00000000000     
  -5500.00000000000     
  -5400.00000000000     
  -5300.00000000000     
  -5200.00000000000     
  -5100.00000000000     
  -5000.00000000000     
  -4900.00000000000     
  -4800.00000000000     
  -4700.00000000000     
  -4600.00000000000     
  -4500.00000000000     
  -4400.00000000000     
  -4300.00000000000     
  -4200.00000000000     
  -4100.00000000000     
  -4000.00000000000     
  -3900.00000000000     
  -3800.00000000000     
  -3700.00000000000     
  -3600.00000000000     
  -3500.00000000000     
  -3400.00000000000     
  -3300.00000000000     
  -3200.00000000000     
  -3100.00000000000     
  -3000.00000000000     
  -2900.00000000000     
  -2800.00000000000     
  -2700.00000000000     
  -2600.00000000000     
  -2500.00000000000     
  -2400.00000000000     
  -2300.00000000000     
  -2200.00000000000     
  -2100.00000000000     
  -2000.00000000000     
  -1900.00000000000     
  -1800.00000000000     
  -1700.00000000000     
  -1600.00000000000     
  -1500.00000000000     
  -1400.00000000000     
  -1300.00000000000     
  -1200.00000000000     
  -1100.00000000000     
  -1000.00000000000     
  -900.000000000000     
  -800.000000000000     
  -700.000000000000     
  -600.000000000000     
  -500.000000000000     
  -400.000000000000     
  -300.000000000000     
  -200.000000000000     
  -100.000000000000     
  0.000000000000000E+000
   100.000000000000     
   200.000000000000     
   300.000000000000     
   400.000000000000     
   500.000000000000     
   600.000000000000     
   700.000000000000     
   800.000000000000     
   900.000000000000     
   1000.00000000000     
   1100.00000000000     
   1200.00000000000     
   1300.00000000000     
   1400.00000000000     
   1500.00000000000     
   1600.00000000000     
   1700.00000000000     
   1800.00000000000     
   1900.00000000000     
   2000.00000000000     
   2100.00000000000     
   2200.00000000000     
   2300.00000000000     
   2400.00000000000     
   2500.00000000000     
   2600.00000000000     
   2700.00000000000     
   2800.00000000000     
   2900.00000000000     
   3000.00000000000     
   3100.00000000000     
   3200.00000000000     
   3300.00000000000     
   3400.00000000000     
   3500.00000000000     
   3600.00000000000     
   3700.00000000000     
   3800.00000000000     
   3900.00000000000     
   4000.00000000000     
   4100.00000000000     
   4200.00000000000     
   4300.00000000000     
   4400.00000000000     
   4500.00000000000     
   4600.00000000000     
   4700.00000000000     
   4800.00000000000     
   4900.00000000000     
   5000.00000000000     
   5100.00000000000     
   5200.00000000000     
   5300.00000000000     
   5400.00000000000     
   5500.00000000000     
   5600.00000000000     
   5700.00000000000     
   5800.00000000000     
   5900.00000000000     
   6000.00000000000     
   6100.00000000000     
   6200.00000000000     
   6300.00000000000     
   6400.00000000000     
   6500.00000000000     
   6600.00000000000     
   6700.00000000000     
   6800.00000000000     
   6900.00000000000     
   7000.00000000000     
   7100.00000000000     
   7200.00000000000     
   7300.00000000000     
   7400.00000000000     
   7500.00000000000     
   7600.00000000000     
   7700.00000000000     
   7800.00000000000     
   7900.00000000000     
   8000.00000000000     
   8100.00000000000     
   8200.00000000000     
   8300.00000000000     
   8400.00000000000     
   8500.00000000000     
   8600.00000000000     
   8700.00000000000     
   8800.00000000000     
   8900.00000000000     
   9000.00000000000     
   9100.00000000000     
   9200.00000000000     
   9300.00000000000     
   9400.00000000000     
   9500.00000000000     
   9600.00000000000     
   9700.00000000000     
   9800.00000000000     
   9900.00000000000     
   10000.0000000000     
   10100.0000000000     
   10236.3636363636     
   10409.0909090909     
   10618.1818181818     
   10863.6363636364     
   11145.4545454545     
   11463.6363636364     
   11818.1818181818     
   12209.0909090909     
   12636.3636363636     
   13100.0000000000     
   13600.0000000000     
   14136.3636363636     
   14709.0909090909     
   15318.1818181818     
   15963.6363636364     
   16645.4545454545     
   17363.6363636364     
   18118.1818181818     
   18909.0909090909     
   19736.3636363636     
   20600.0000000000     
   21500.0000000000     
   22436.3636363636     
   23409.0909090909     
   24418.1818181818     
   25463.6363636364     
   26545.4545454546     
   27663.6363636364     
   28818.1818181818     
   30009.0909090909     
   31236.3636363636     
   32500.0000000000     
   33800.0000000000     
   35136.3636363636     
   36509.0909090909     
   37918.1818181818     
   39363.6363636364     
   40845.4545454545     
   42363.6363636364     
   43918.1818181818     
   45509.0909090909     
   47136.3636363636     
   48800.0000000000     
   50500.0000000000     
   52236.3636363636     
   54009.0909090909     
   55818.1818181818     
   57663.6363636364     
   59545.4545454545     
   61463.6363636364     
   63418.1818181818     
   65409.0909090909     
   67436.3636363636     
   69500.0000000000     
   71600.0000000000     
   73736.3636363636     
   75909.0909090909     
   78118.1818181818     
   80363.6363636364     
   82645.4545454545     
   84963.6363636364     
   87318.1818181818     
   89709.0909090909     
   92136.3636363636     
   94600.0000000000     
   97100.0000000000     
   99636.3636363636     
   102209.090909091     
   104818.181818182     
   107463.636363636     
   110145.454545455     
   112863.636363636     
   115618.181818182     
   118409.090909091     
   121236.363636364     
   124100.000000000     
   127000.000000000     
   129936.363636364     
   132909.090909091     
   135918.181818182     
   138963.636363636     
   142045.454545455     
   145163.636363636     
   148318.181818182     
   151509.090909091     
   154736.363636364     
   158000.000000000     
   161300.000000000     
   164636.363636364     
   168009.090909091     
   171418.181818182     
   174863.636363636     
   178345.454545455     
   181863.636363636     
   185418.181818182     
   189009.090909091     
   192636.363636364     
   196300.000000000     
   200000.000000000     
   203700.000000000     
